_input_count = 2
_N_input = 200
_N_pointer = 400
_N_reference = 175
_N_memory = 2000
_N_compare = 400
_N_report = 100
_pointer_count = 5
_memory_synapse = 0.1
_time_clear_mem = 0.1
_crosstalk = 0.2
_task = 'fingers'
_backend = 'nengo'
_dt = 0.001
_seed = 0
score1 = 0.5
score2 = 0.33333333333333331
score3 = 0.5
score4 = 1.0
sim_speed = 0.14861695197258015