_input_count = 2
_N_input = 200
_N_pointer = 400
_N_reference = 22
_N_memory = 2000
_N_compare = 400
_N_report = 100
_pointer_count = 5
_memory_synapse = 0.1
_time_clear_mem = 0.1
_crosstalk = 0.2
_task = 'fingers'
_backend = 'nengo'
_dt = 0.001
_seed = 15
score1 = 0.0
score2 = 0.33333333333333331
score3 = 0.0
score4 = 0.0
sim_speed = 0.146033251763739